   14
ADAS309 31/08/06 D=H(n=2)   R= B+5  N= 3-2  F=_kvi#b5 M=CX     ISEL= 1
  2.02D-06                                                     QEFREF
  1.00D+04  5.00D+03  2.50D+13  2.00D+00  3.00D+00             PARMREF
        17        12        17        12         1             NPARMSC
  5.00D+02  7.00D+02  1.00D+03  1.50D+03  2.00D+03  5.00D+03   ENER
  7.00D+03  1.00D+04  1.50D+04  2.00D+04  3.00D+04  4.00D+04
  5.00D+04  6.00D+04  7.00D+04  8.00D+04  1.00D+05  0.00D+00
  0.00D+00  0.00D+00  0.00D+00  0.00D+00  0.00D+00  0.00D+00
  5.43D-07  6.56D-07  8.08D-07  1.00D-06  1.17D-06  1.77D-06   QENER
  1.87D-06  2.02D-06  1.82D-06  7.21D-07  4.83D-07  2.02D-07
  1.05D-07  7.62D-08  4.27D-08  2.20D-08  9.54D-09  0.00D+00
  0.00D+00  0.00D+00  0.00D+00  0.00D+00  0.00D+00  0.00D+00
  1.00D+03  2.00D+03  3.00D+03  5.00D+03  7.00D+03  1.00D+04   TIEV
  1.30D+04  1.60D+04  1.90D+04  2.20D+04  2.50D+04  3.00D+04
  1.76D-06  1.86D-06  1.93D-06  2.02D-06  2.08D-06  2.14D-06   QTIEV
  2.19D-06  2.23D-06  2.27D-06  2.30D-06  2.32D-06  2.36D-06
  1.00D+11  2.00D+11  3.00D+11  5.00D+11  7.00D+11  1.00D+12   DENSI
  2.00D+12  3.00D+12  5.00D+12  7.00D+12  1.00D+13  2.00D+13
  2.50D+13  3.00D+13  5.00D+13  7.00D+13  1.00D+14  0.00D+00
  0.00D+00  0.00D+00  0.00D+00  0.00D+00  0.00D+00  0.00D+00
  3.74D-06  3.69D-06  3.64D-06  3.56D-06  3.49D-06  3.41D-06   QDENSI
  3.20D-06  3.04D-06  2.82D-06  2.66D-06  2.48D-06  2.13D-06
  2.02D-06  1.93D-06  1.69D-06  1.55D-06  1.42D-06  0.00D+00
  0.00D+00  0.00D+00  0.00D+00  0.00D+00  0.00D+00  0.00D+00
  1.00D+00  1.20D+00  1.50D+00  1.70D+00  2.00D+00  2.50D+00   ZEFF
  3.00D+00  3.50D+00  4.00D+00  4.50D+00  5.00D+00  6.00D+00
  2.67D-06  2.49D-06  2.26D-06  2.13D-06  2.02D-06  1.80D-06   QZEFF
  1.67D-06  1.54D-06  1.46D-06  1.37D-06  1.32D-06  1.22D-06
  3.00D+00  0.00D+00  0.00D+00  0.00D+00  0.00D+00  0.00D+00   BMAG
  0.00D+00  0.00D+00  0.00D+00  0.00D+00  0.00D+00  0.00D+00
  2.02D-06  0.00D+00  0.00D+00  0.00D+00  0.00D+00  0.00D+00   QBMAG
  0.00D+00  0.00D+00  0.00D+00  0.00D+00  0.00D+00  0.00D+00
ADAS309 31/08/06 D=H(n=2)   R= B+5  N= 4-3  F=_kvi#b5 M=CX     ISEL= 2
  1.27D-06                                                     QEFREF
  1.00D+04  5.00D+03  2.50D+13  2.00D+00  3.00D+00             PARMREF
        17        12        17        12         1             NPARMSC
  5.00D+02  7.00D+02  1.00D+03  1.50D+03  2.00D+03  5.00D+03   ENER
  7.00D+03  1.00D+04  1.50D+04  2.00D+04  3.00D+04  4.00D+04
  5.00D+04  6.00D+04  7.00D+04  8.00D+04  1.00D+05  0.00D+00
  0.00D+00  0.00D+00  0.00D+00  0.00D+00  0.00D+00  0.00D+00
  3.55D-07  4.31D-07  5.35D-07  6.64D-07  7.75D-07  1.17D-06   QENER
  1.22D-06  1.27D-06  1.09D-06  4.82D-07  2.99D-07  1.28D-07
  6.82D-08  4.91D-08  2.73D-08  1.39D-08  5.83D-09  0.00D+00
  0.00D+00  0.00D+00  0.00D+00  0.00D+00  0.00D+00  0.00D+00
  1.00D+03  2.00D+03  3.00D+03  5.00D+03  7.00D+03  1.00D+04   TIEV
  1.30D+04  1.60D+04  1.90D+04  2.20D+04  2.50D+04  3.00D+04
  1.05D-06  1.14D-06  1.19D-06  1.27D-06  1.32D-06  1.38D-06   QTIEV
  1.43D-06  1.46D-06  1.49D-06  1.52D-06  1.54D-06  1.58D-06
  1.00D+11  2.00D+11  3.00D+11  5.00D+11  7.00D+11  1.00D+12   DENSI
  2.00D+12  3.00D+12  5.00D+12  7.00D+12  1.00D+13  2.00D+13
  2.50D+13  3.00D+13  5.00D+13  7.00D+13  1.00D+14  0.00D+00
  0.00D+00  0.00D+00  0.00D+00  0.00D+00  0.00D+00  0.00D+00
  3.01D-06  2.95D-06  2.90D-06  2.81D-06  2.74D-06  2.64D-06   QDENSI
  2.41D-06  2.24D-06  2.01D-06  1.86D-06  1.69D-06  1.37D-06
  1.27D-06  1.19D-06  1.00D-06  8.91D-07  7.88D-07  0.00D+00
  0.00D+00  0.00D+00  0.00D+00  0.00D+00  0.00D+00  0.00D+00
  1.00D+00  1.20D+00  1.50D+00  1.70D+00  2.00D+00  2.50D+00   ZEFF
  3.00D+00  3.50D+00  4.00D+00  4.50D+00  5.00D+00  6.00D+00
  1.87D-06  1.69D-06  1.48D-06  1.37D-06  1.27D-06  1.09D-06   QZEFF
  9.81D-07  8.82D-07  8.17D-07  7.54D-07  7.12D-07  6.39D-07
  3.00D+00  0.00D+00  0.00D+00  0.00D+00  0.00D+00  0.00D+00   BMAG
  0.00D+00  0.00D+00  0.00D+00  0.00D+00  0.00D+00  0.00D+00
  1.27D-06  0.00D+00  0.00D+00  0.00D+00  0.00D+00  0.00D+00   QBMAG
  0.00D+00  0.00D+00  0.00D+00  0.00D+00  0.00D+00  0.00D+00
ADAS309 31/08/06 D=H(n=2)   R= B+5  N= 5-4  F=_kvi#b5 M=CX     ISEL= 3
  8.96D-07                                                     QEFREF
  1.00D+04  5.00D+03  2.50D+13  2.00D+00  3.00D+00             PARMREF
        17        12        17        12         1             NPARMSC
  5.00D+02  7.00D+02  1.00D+03  1.50D+03  2.00D+03  5.00D+03   ENER
  7.00D+03  1.00D+04  1.50D+04  2.00D+04  3.00D+04  4.00D+04
  5.00D+04  6.00D+04  7.00D+04  8.00D+04  1.00D+05  0.00D+00
  0.00D+00  0.00D+00  0.00D+00  0.00D+00  0.00D+00  0.00D+00
  2.49D-07  3.04D-07  3.80D-07  4.73D-07  5.54D-07  8.39D-07   QENER
  8.78D-07  8.96D-07  7.43D-07  3.60D-07  2.03D-07  8.55D-08
  4.43D-08  3.13D-08  1.70D-08  8.32D-09  3.21D-09  0.00D+00
  0.00D+00  0.00D+00  0.00D+00  0.00D+00  0.00D+00  0.00D+00
  1.00D+03  2.00D+03  3.00D+03  5.00D+03  7.00D+03  1.00D+04   TIEV
  1.30D+04  1.60D+04  1.90D+04  2.20D+04  2.50D+04  3.00D+04
  7.28D-07  7.94D-07  8.37D-07  8.96D-07  9.38D-07  9.84D-07   QTIEV
  1.02D-06  1.05D-06  1.07D-06  1.09D-06  1.11D-06  1.14D-06
  1.00D+11  2.00D+11  3.00D+11  5.00D+11  7.00D+11  1.00D+12   DENSI
  2.00D+12  3.00D+12  5.00D+12  7.00D+12  1.00D+13  2.00D+13
  2.50D+13  3.00D+13  5.00D+13  7.00D+13  1.00D+14  0.00D+00
  0.00D+00  0.00D+00  0.00D+00  0.00D+00  0.00D+00  0.00D+00
  2.43D-06  2.37D-06  2.32D-06  2.23D-06  2.16D-06  2.07D-06   QDENSI
  1.85D-06  1.70D-06  1.50D-06  1.37D-06  1.23D-06  9.71D-07
  8.96D-07  8.38D-07  6.92D-07  6.09D-07  5.33D-07  0.00D+00
  0.00D+00  0.00D+00  0.00D+00  0.00D+00  0.00D+00  0.00D+00
  1.00D+00  1.20D+00  1.50D+00  1.70D+00  2.00D+00  2.50D+00   ZEFF
  3.00D+00  3.50D+00  4.00D+00  4.50D+00  5.00D+00  6.00D+00
  1.38D-06  1.24D-06  1.07D-06  9.76D-07  8.96D-07  7.59D-07   QZEFF
  6.76D-07  6.02D-07  5.54D-07  5.08D-07  4.77D-07  4.25D-07
  3.00D+00  0.00D+00  0.00D+00  0.00D+00  0.00D+00  0.00D+00   BMAG
  0.00D+00  0.00D+00  0.00D+00  0.00D+00  0.00D+00  0.00D+00
  8.96D-07  0.00D+00  0.00D+00  0.00D+00  0.00D+00  0.00D+00   QBMAG
  0.00D+00  0.00D+00  0.00D+00  0.00D+00  0.00D+00  0.00D+00
ADAS309 31/08/06 D=H(n=2)   R= B+5  N= 6-5  F=_kvi#b5 M=CX     ISEL= 4
  7.36D-07                                                     QEFREF
  1.00D+04  5.00D+03  2.50D+13  2.00D+00  3.00D+00             PARMREF
        17        12        17        12         1             NPARMSC
  5.00D+02  7.00D+02  1.00D+03  1.50D+03  2.00D+03  5.00D+03   ENER
  7.00D+03  1.00D+04  1.50D+04  2.00D+04  3.00D+04  4.00D+04
  5.00D+04  6.00D+04  7.00D+04  8.00D+04  1.00D+05  0.00D+00
  0.00D+00  0.00D+00  0.00D+00  0.00D+00  0.00D+00  0.00D+00
  2.64D-07  3.22D-07  4.03D-07  4.90D-07  5.64D-07  7.91D-07   QENER
  7.99D-07  7.36D-07  5.55D-07  2.71D-07  1.34D-07  5.42D-08
  2.64D-08  1.85D-08  9.68D-09  4.48D-09  1.64D-09  0.00D+00
  0.00D+00  0.00D+00  0.00D+00  0.00D+00  0.00D+00  0.00D+00
  1.00D+03  2.00D+03  3.00D+03  5.00D+03  7.00D+03  1.00D+04   TIEV
  1.30D+04  1.60D+04  1.90D+04  2.20D+04  2.50D+04  3.00D+04
  6.04D-07  6.56D-07  6.90D-07  7.36D-07  7.69D-07  8.05D-07   QTIEV
  8.33D-07  8.56D-07  8.75D-07  8.92D-07  9.07D-07  9.28D-07
  1.00D+11  2.00D+11  3.00D+11  5.00D+11  7.00D+11  1.00D+12   DENSI
  2.00D+12  3.00D+12  5.00D+12  7.00D+12  1.00D+13  2.00D+13
  2.50D+13  3.00D+13  5.00D+13  7.00D+13  1.00D+14  0.00D+00
  0.00D+00  0.00D+00  0.00D+00  0.00D+00  0.00D+00  0.00D+00
  2.00D-06  1.95D-06  1.91D-06  1.83D-06  1.77D-06  1.69D-06   QDENSI
  1.50D-06  1.38D-06  1.22D-06  1.11D-06  9.97D-07  7.95D-07
  7.36D-07  6.90D-07  5.77D-07  5.13D-07  4.55D-07  0.00D+00
  0.00D+00  0.00D+00  0.00D+00  0.00D+00  0.00D+00  0.00D+00
  1.00D+00  1.20D+00  1.50D+00  1.70D+00  2.00D+00  2.50D+00   ZEFF
  3.00D+00  3.50D+00  4.00D+00  4.50D+00  5.00D+00  6.00D+00
  1.12D-06  1.00D-06  8.69D-07  7.99D-07  7.36D-07  6.29D-07   QZEFF
  5.64D-07  5.07D-07  4.70D-07  4.36D-07  4.13D-07  3.76D-07
  3.00D+00  0.00D+00  0.00D+00  0.00D+00  0.00D+00  0.00D+00   BMAG
  0.00D+00  0.00D+00  0.00D+00  0.00D+00  0.00D+00  0.00D+00
  7.36D-07  0.00D+00  0.00D+00  0.00D+00  0.00D+00  0.00D+00   QBMAG
  0.00D+00  0.00D+00  0.00D+00  0.00D+00  0.00D+00  0.00D+00
ADAS309 31/08/06 D=H(n=2)   R= B+5  N= 7-6  F=_kvi#b5 M=CX     ISEL= 5
  5.26D-07                                                     QEFREF
  1.00D+04  5.00D+03  2.50D+13  2.00D+00  3.00D+00             PARMREF
        17        12        17        12         1             NPARMSC
  5.00D+02  7.00D+02  1.00D+03  1.50D+03  2.00D+03  5.00D+03   ENER
  7.00D+03  1.00D+04  1.50D+04  2.00D+04  3.00D+04  4.00D+04
  5.00D+04  6.00D+04  7.00D+04  8.00D+04  1.00D+05  0.00D+00
  0.00D+00  0.00D+00  0.00D+00  0.00D+00  0.00D+00  0.00D+00
  2.02D-07  2.46D-07  3.04D-07  3.90D-07  4.72D-07  6.78D-07   QENER
  6.49D-07  5.26D-07  3.80D-07  1.77D-07  8.28D-08  3.19D-08
  1.50D-08  1.04D-08  5.41D-09  2.43D-09  8.78D-10  0.00D+00
  0.00D+00  0.00D+00  0.00D+00  0.00D+00  0.00D+00  0.00D+00
  1.00D+03  2.00D+03  3.00D+03  5.00D+03  7.00D+03  1.00D+04   TIEV
  1.30D+04  1.60D+04  1.90D+04  2.20D+04  2.50D+04  3.00D+04
  4.35D-07  4.70D-07  4.94D-07  5.26D-07  5.49D-07  5.75D-07   QTIEV
  5.95D-07  6.11D-07  6.25D-07  6.37D-07  6.48D-07  6.63D-07
  1.00D+11  2.00D+11  3.00D+11  5.00D+11  7.00D+11  1.00D+12   DENSI
  2.00D+12  3.00D+12  5.00D+12  7.00D+12  1.00D+13  2.00D+13
  2.50D+13  3.00D+13  5.00D+13  7.00D+13  1.00D+14  0.00D+00
  0.00D+00  0.00D+00  0.00D+00  0.00D+00  0.00D+00  0.00D+00
  1.47D-06  1.43D-06  1.40D-06  1.34D-06  1.29D-06  1.23D-06   QDENSI
  1.09D-06  9.95D-07  8.74D-07  7.94D-07  7.12D-07  5.67D-07
  5.26D-07  4.94D-07  4.19D-07  3.79D-07  3.44D-07  0.00D+00
  0.00D+00  0.00D+00  0.00D+00  0.00D+00  0.00D+00  0.00D+00
  1.00D+00  1.20D+00  1.50D+00  1.70D+00  2.00D+00  2.50D+00   ZEFF
  3.00D+00  3.50D+00  4.00D+00  4.50D+00  5.00D+00  6.00D+00
  8.02D-07  7.17D-07  6.21D-07  5.70D-07  5.26D-07  4.53D-07   QZEFF
  4.11D-07  3.75D-07  3.53D-07  3.33D-07  3.21D-07  3.01D-07
  3.00D+00  0.00D+00  0.00D+00  0.00D+00  0.00D+00  0.00D+00   BMAG
  0.00D+00  0.00D+00  0.00D+00  0.00D+00  0.00D+00  0.00D+00
  5.26D-07  0.00D+00  0.00D+00  0.00D+00  0.00D+00  0.00D+00   QBMAG
  0.00D+00  0.00D+00  0.00D+00  0.00D+00  0.00D+00  0.00D+00
ADAS309 31/08/06 D=H(n=2)   R= B+5  N= 8-7  F=_kvi#b5 M=CX     ISEL= 6
  2.84D-07                                                     QEFREF
  1.00D+04  5.00D+03  2.50D+13  2.00D+00  3.00D+00             PARMREF
        17        12        17        12         1             NPARMSC
  5.00D+02  7.00D+02  1.00D+03  1.50D+03  2.00D+03  5.00D+03   ENER
  7.00D+03  1.00D+04  1.50D+04  2.00D+04  3.00D+04  4.00D+04
  5.00D+04  6.00D+04  7.00D+04  8.00D+04  1.00D+05  0.00D+00
  0.00D+00  0.00D+00  0.00D+00  0.00D+00  0.00D+00  0.00D+00
  2.06D-08  2.41D-08  2.83D-08  4.69D-08  6.96D-08  1.85D-07   QENER
  2.21D-07  2.84D-07  2.32D-07  1.04D-07  5.13D-08  1.95D-08
  8.70D-09  6.11D-09  3.18D-09  1.42D-09  5.08D-10  0.00D+00
  0.00D+00  0.00D+00  0.00D+00  0.00D+00  0.00D+00  0.00D+00
  1.00D+03  2.00D+03  3.00D+03  5.00D+03  7.00D+03  1.00D+04   TIEV
  1.30D+04  1.60D+04  1.90D+04  2.20D+04  2.50D+04  3.00D+04
  2.45D-07  2.60D-07  2.70D-07  2.84D-07  2.95D-07  3.07D-07   QTIEV
  3.17D-07  3.25D-07  3.32D-07  3.38D-07  3.44D-07  3.52D-07
  1.00D+11  2.00D+11  3.00D+11  5.00D+11  7.00D+11  1.00D+12   DENSI
  2.00D+12  3.00D+12  5.00D+12  7.00D+12  1.00D+13  2.00D+13
  2.50D+13  3.00D+13  5.00D+13  7.00D+13  1.00D+14  0.00D+00
  0.00D+00  0.00D+00  0.00D+00  0.00D+00  0.00D+00  0.00D+00
  8.38D-07  8.13D-07  7.90D-07  7.51D-07  7.20D-07  6.81D-07   QDENSI
  5.94D-07  5.38D-07  4.67D-07  4.22D-07  3.77D-07  3.04D-07
  2.84D-07  2.70D-07  2.38D-07  2.22D-07  2.10D-07  0.00D+00
  0.00D+00  0.00D+00  0.00D+00  0.00D+00  0.00D+00  0.00D+00
  1.00D+00  1.20D+00  1.50D+00  1.70D+00  2.00D+00  2.50D+00   ZEFF
  3.00D+00  3.50D+00  4.00D+00  4.50D+00  5.00D+00  6.00D+00
  4.26D-07  3.80D-07  3.30D-07  3.05D-07  2.84D-07  2.52D-07   QZEFF
  2.35D-07  2.21D-07  2.13D-07  2.06D-07  2.01D-07  1.95D-07
  3.00D+00  0.00D+00  0.00D+00  0.00D+00  0.00D+00  0.00D+00   BMAG
  0.00D+00  0.00D+00  0.00D+00  0.00D+00  0.00D+00  0.00D+00
  2.84D-07  0.00D+00  0.00D+00  0.00D+00  0.00D+00  0.00D+00   QBMAG
  0.00D+00  0.00D+00  0.00D+00  0.00D+00  0.00D+00  0.00D+00
ADAS309 31/08/06 D=H(n=2)   R= B+5  N= 9-8  F=_kvi#b5 M=CX     ISEL= 7
  1.38D-07                                                     QEFREF
  1.00D+04  5.00D+03  2.50D+13  2.00D+00  3.00D+00             PARMREF
        17        12        17        12         1             NPARMSC
  5.00D+02  7.00D+02  1.00D+03  1.50D+03  2.00D+03  5.00D+03   ENER
  7.00D+03  1.00D+04  1.50D+04  2.00D+04  3.00D+04  4.00D+04
  5.00D+04  6.00D+04  7.00D+04  8.00D+04  1.00D+05  0.00D+00
  0.00D+00  0.00D+00  0.00D+00  0.00D+00  0.00D+00  0.00D+00
  3.54D-09  5.38D-09  8.57D-09  9.57D-09  9.99D-09  3.11D-08   QENER
  6.42D-08  1.38D-07  1.43D-07  6.16D-08  3.30D-08  1.24D-08
  5.61D-09  3.96D-09  2.06D-09  9.11D-10  3.28D-10  0.00D+00
  0.00D+00  0.00D+00  0.00D+00  0.00D+00  0.00D+00  0.00D+00
  1.00D+03  2.00D+03  3.00D+03  5.00D+03  7.00D+03  1.00D+04   TIEV
  1.30D+04  1.60D+04  1.90D+04  2.20D+04  2.50D+04  3.00D+04
  1.26D-07  1.30D-07  1.34D-07  1.38D-07  1.42D-07  1.46D-07   QTIEV
  1.50D-07  1.53D-07  1.55D-07  1.57D-07  1.60D-07  1.63D-07
  1.00D+11  2.00D+11  3.00D+11  5.00D+11  7.00D+11  1.00D+12   DENSI
  2.00D+12  3.00D+12  5.00D+12  7.00D+12  1.00D+13  2.00D+13
  2.50D+13  3.00D+13  5.00D+13  7.00D+13  1.00D+14  0.00D+00
  0.00D+00  0.00D+00  0.00D+00  0.00D+00  0.00D+00  0.00D+00
  3.96D-07  3.83D-07  3.71D-07  3.50D-07  3.34D-07  3.14D-07   QDENSI
  2.70D-07  2.43D-07  2.10D-07  1.91D-07  1.72D-07  1.45D-07
  1.38D-07  1.34D-07  1.24D-07  1.19D-07  1.16D-07  0.00D+00
  0.00D+00  0.00D+00  0.00D+00  0.00D+00  0.00D+00  0.00D+00
  1.00D+00  1.20D+00  1.50D+00  1.70D+00  2.00D+00  2.50D+00   ZEFF
  3.00D+00  3.50D+00  4.00D+00  4.50D+00  5.00D+00  6.00D+00
  1.92D-07  1.73D-07  1.54D-07  1.46D-07  1.38D-07  1.28D-07   QZEFF
  1.23D-07  1.19D-07  1.16D-07  1.14D-07  1.13D-07  1.11D-07
  3.00D+00  0.00D+00  0.00D+00  0.00D+00  0.00D+00  0.00D+00   BMAG
  0.00D+00  0.00D+00  0.00D+00  0.00D+00  0.00D+00  0.00D+00
  1.38D-07  0.00D+00  0.00D+00  0.00D+00  0.00D+00  0.00D+00   QBMAG
  0.00D+00  0.00D+00  0.00D+00  0.00D+00  0.00D+00  0.00D+00
ADAS309 31/08/06 D=H(n=2)   R= B+5  N= 3-1  F=_kvi#b5 M=CX     ISEL= 8
  3.95D-07                                                     QEFREF
  1.00D+04  5.00D+03  2.50D+13  2.00D+00  3.00D+00             PARMREF
        17        12        17        12         1             NPARMSC
  5.00D+02  7.00D+02  1.00D+03  1.50D+03  2.00D+03  5.00D+03   ENER
  7.00D+03  1.00D+04  1.50D+04  2.00D+04  3.00D+04  4.00D+04
  5.00D+04  6.00D+04  7.00D+04  8.00D+04  1.00D+05  0.00D+00
  0.00D+00  0.00D+00  0.00D+00  0.00D+00  0.00D+00  0.00D+00
  9.24D-08  1.09D-07  1.30D-07  1.61D-07  1.88D-07  2.85D-07   QENER
  3.14D-07  3.95D-07  4.18D-07  1.20D-07  1.08D-07  4.35D-08
  2.20D-08  1.62D-08  9.14D-09  4.68D-09  2.04D-09  0.00D+00
  0.00D+00  0.00D+00  0.00D+00  0.00D+00  0.00D+00  0.00D+00
  1.00D+03  2.00D+03  3.00D+03  5.00D+03  7.00D+03  1.00D+04   TIEV
  1.30D+04  1.60D+04  1.90D+04  2.20D+04  2.50D+04  3.00D+04
  4.09D-07  4.03D-07  4.00D-07  3.95D-07  3.91D-07  3.87D-07   QTIEV
  3.84D-07  3.81D-07  3.79D-07  3.77D-07  3.75D-07  3.73D-07
  1.00D+11  2.00D+11  3.00D+11  5.00D+11  7.00D+11  1.00D+12   DENSI
  2.00D+12  3.00D+12  5.00D+12  7.00D+12  1.00D+13  2.00D+13
  2.50D+13  3.00D+13  5.00D+13  7.00D+13  1.00D+14  0.00D+00
  0.00D+00  0.00D+00  0.00D+00  0.00D+00  0.00D+00  0.00D+00
  2.36D-07  2.42D-07  2.48D-07  2.57D-07  2.65D-07  2.74D-07   QDENSI
  2.98D-07  3.14D-07  3.36D-07  3.50D-07  3.64D-07  3.88D-07
  3.95D-07  4.00D-07  4.11D-07  4.18D-07  4.25D-07  0.00D+00
  0.00D+00  0.00D+00  0.00D+00  0.00D+00  0.00D+00  0.00D+00
  1.00D+00  1.20D+00  1.50D+00  1.70D+00  2.00D+00  2.50D+00   ZEFF
  3.00D+00  3.50D+00  4.00D+00  4.50D+00  5.00D+00  6.00D+00
  3.49D-07  3.64D-07  3.80D-07  3.88D-07  3.95D-07  4.06D-07   QZEFF
  4.12D-07  4.18D-07  4.23D-07  4.28D-07  4.31D-07  4.39D-07
  3.00D+00  0.00D+00  0.00D+00  0.00D+00  0.00D+00  0.00D+00   BMAG
  0.00D+00  0.00D+00  0.00D+00  0.00D+00  0.00D+00  0.00D+00
  3.95D-07  0.00D+00  0.00D+00  0.00D+00  0.00D+00  0.00D+00   QBMAG
  0.00D+00  0.00D+00  0.00D+00  0.00D+00  0.00D+00  0.00D+00
ADAS309 31/08/06 D=H(n=2)   R= B+5  N= 4-2  F=_kvi#b5 M=CX     ISEL= 9
  3.99D-07                                                     QEFREF
  1.00D+04  5.00D+03  2.50D+13  2.00D+00  3.00D+00             PARMREF
        17        12        17        12         1             NPARMSC
  5.00D+02  7.00D+02  1.00D+03  1.50D+03  2.00D+03  5.00D+03   ENER
  7.00D+03  1.00D+04  1.50D+04  2.00D+04  3.00D+04  4.00D+04
  5.00D+04  6.00D+04  7.00D+04  8.00D+04  1.00D+05  0.00D+00
  0.00D+00  0.00D+00  0.00D+00  0.00D+00  0.00D+00  0.00D+00
  1.01D-07  1.21D-07  1.47D-07  1.82D-07  2.13D-07  3.24D-07   QENER
  3.49D-07  3.99D-07  3.87D-07  1.40D-07  1.04D-07  4.30D-08
  2.25D-08  1.65D-08  9.29D-09  4.78D-09  2.09D-09  0.00D+00
  0.00D+00  0.00D+00  0.00D+00  0.00D+00  0.00D+00  0.00D+00
  1.00D+03  2.00D+03  3.00D+03  5.00D+03  7.00D+03  1.00D+04   TIEV
  1.30D+04  1.60D+04  1.90D+04  2.20D+04  2.50D+04  3.00D+04
  3.82D-07  3.89D-07  3.93D-07  3.99D-07  4.02D-07  4.05D-07   QTIEV
  4.08D-07  4.09D-07  4.11D-07  4.12D-07  4.12D-07  4.14D-07
  1.00D+11  2.00D+11  3.00D+11  5.00D+11  7.00D+11  1.00D+12   DENSI
  2.00D+12  3.00D+12  5.00D+12  7.00D+12  1.00D+13  2.00D+13
  2.50D+13  3.00D+13  5.00D+13  7.00D+13  1.00D+14  0.00D+00
  0.00D+00  0.00D+00  0.00D+00  0.00D+00  0.00D+00  0.00D+00
  3.72D-07  3.76D-07  3.80D-07  3.86D-07  3.91D-07  3.97D-07   QDENSI
  4.09D-07  4.15D-07  4.20D-07  4.20D-07  4.18D-07  4.05D-07
  3.99D-07  3.93D-07  3.75D-07  3.63D-07  3.49D-07  0.00D+00
  0.00D+00  0.00D+00  0.00D+00  0.00D+00  0.00D+00  0.00D+00
  1.00D+00  1.20D+00  1.50D+00  1.70D+00  2.00D+00  2.50D+00   ZEFF
  3.00D+00  3.50D+00  4.00D+00  4.50D+00  5.00D+00  6.00D+00
  4.20D-07  4.18D-07  4.11D-07  4.05D-07  3.99D-07  3.84D-07   QZEFF
  3.73D-07  3.62D-07  3.54D-07  3.45D-07  3.39D-07  3.28D-07
  3.00D+00  0.00D+00  0.00D+00  0.00D+00  0.00D+00  0.00D+00   BMAG
  0.00D+00  0.00D+00  0.00D+00  0.00D+00  0.00D+00  0.00D+00
  3.99D-07  0.00D+00  0.00D+00  0.00D+00  0.00D+00  0.00D+00   QBMAG
  0.00D+00  0.00D+00  0.00D+00  0.00D+00  0.00D+00  0.00D+00
ADAS309 31/08/06 D=H(n=2)   R= B+5  N= 5-3  F=_kvi#b5 M=CX     ISEL=10
  3.76D-07                                                     QEFREF
  1.00D+04  5.00D+03  2.50D+13  2.00D+00  3.00D+00             PARMREF
        17        12        17        12         1             NPARMSC
  5.00D+02  7.00D+02  1.00D+03  1.50D+03  2.00D+03  5.00D+03   ENER
  7.00D+03  1.00D+04  1.50D+04  2.00D+04  3.00D+04  4.00D+04
  5.00D+04  6.00D+04  7.00D+04  8.00D+04  1.00D+05  0.00D+00
  0.00D+00  0.00D+00  0.00D+00  0.00D+00  0.00D+00  0.00D+00
  9.42D-08  1.15D-07  1.42D-07  1.79D-07  2.12D-07  3.25D-07   QENER
  3.47D-07  3.76D-07  3.33D-07  1.45D-07  8.74D-08  3.63D-08
  1.86D-08  1.36D-08  7.68D-09  3.90D-09  1.60D-09  0.00D+00
  0.00D+00  0.00D+00  0.00D+00  0.00D+00  0.00D+00  0.00D+00
  1.00D+03  2.00D+03  3.00D+03  5.00D+03  7.00D+03  1.00D+04   TIEV
  1.30D+04  1.60D+04  1.90D+04  2.20D+04  2.50D+04  3.00D+04
  3.43D-07  3.57D-07  3.65D-07  3.76D-07  3.83D-07  3.90D-07   QTIEV
  3.96D-07  4.00D-07  4.03D-07  4.06D-07  4.09D-07  4.12D-07
  1.00D+11  2.00D+11  3.00D+11  5.00D+11  7.00D+11  1.00D+12   DENSI
  2.00D+12  3.00D+12  5.00D+12  7.00D+12  1.00D+13  2.00D+13
  2.50D+13  3.00D+13  5.00D+13  7.00D+13  1.00D+14  0.00D+00
  0.00D+00  0.00D+00  0.00D+00  0.00D+00  0.00D+00  0.00D+00
  4.71D-07  4.71D-07  4.72D-07  4.73D-07  4.73D-07  4.73D-07   QDENSI
  4.69D-07  4.63D-07  4.51D-07  4.40D-07  4.25D-07  3.89D-07
  3.76D-07  3.65D-07  3.33D-07  3.12D-07  2.91D-07  0.00D+00
  0.00D+00  0.00D+00  0.00D+00  0.00D+00  0.00D+00  0.00D+00
  1.00D+00  1.20D+00  1.50D+00  1.70D+00  2.00D+00  2.50D+00   ZEFF
  3.00D+00  3.50D+00  4.00D+00  4.50D+00  5.00D+00  6.00D+00
  4.40D-07  4.25D-07  4.03D-07  3.89D-07  3.76D-07  3.48D-07   QZEFF
  3.30D-07  3.11D-07  2.98D-07  2.84D-07  2.75D-07  2.58D-07
  3.00D+00  0.00D+00  0.00D+00  0.00D+00  0.00D+00  0.00D+00   BMAG
  0.00D+00  0.00D+00  0.00D+00  0.00D+00  0.00D+00  0.00D+00
  3.76D-07  0.00D+00  0.00D+00  0.00D+00  0.00D+00  0.00D+00   QBMAG
  0.00D+00  0.00D+00  0.00D+00  0.00D+00  0.00D+00  0.00D+00
ADAS309 31/08/06 D=H(n=2)   R= B+5  N= 6-4  F=_kvi#b5 M=CX     ISEL=11
  3.66D-07                                                     QEFREF
  1.00D+04  5.00D+03  2.50D+13  2.00D+00  3.00D+00             PARMREF
        17        12        17        12         1             NPARMSC
  5.00D+02  7.00D+02  1.00D+03  1.50D+03  2.00D+03  5.00D+03   ENER
  7.00D+03  1.00D+04  1.50D+04  2.00D+04  3.00D+04  4.00D+04
  5.00D+04  6.00D+04  7.00D+04  8.00D+04  1.00D+05  0.00D+00
  0.00D+00  0.00D+00  0.00D+00  0.00D+00  0.00D+00  0.00D+00
  1.29D-07  1.57D-07  1.96D-07  2.41D-07  2.81D-07  3.89D-07   QENER
  3.93D-07  3.66D-07  2.79D-07  1.26D-07  6.73D-08  2.78D-08
  1.38D-08  9.98D-09  5.44D-09  2.61D-09  1.02D-09  0.00D+00
  0.00D+00  0.00D+00  0.00D+00  0.00D+00  0.00D+00  0.00D+00
  1.00D+03  2.00D+03  3.00D+03  5.00D+03  7.00D+03  1.00D+04   TIEV
  1.30D+04  1.60D+04  1.90D+04  2.20D+04  2.50D+04  3.00D+04
  3.27D-07  3.43D-07  3.53D-07  3.66D-07  3.75D-07  3.85D-07   QTIEV
  3.92D-07  3.97D-07  4.02D-07  4.05D-07  4.09D-07  4.14D-07
  1.00D+11  2.00D+11  3.00D+11  5.00D+11  7.00D+11  1.00D+12   DENSI
  2.00D+12  3.00D+12  5.00D+12  7.00D+12  1.00D+13  2.00D+13
  2.50D+13  3.00D+13  5.00D+13  7.00D+13  1.00D+14  0.00D+00
  0.00D+00  0.00D+00  0.00D+00  0.00D+00  0.00D+00  0.00D+00
  5.26D-07  5.24D-07  5.23D-07  5.20D-07  5.17D-07  5.13D-07   QDENSI
  5.00D-07  4.88D-07  4.67D-07  4.50D-07  4.29D-07  3.82D-07
  3.66D-07  3.53D-07  3.17D-07  2.94D-07  2.73D-07  0.00D+00
  0.00D+00  0.00D+00  0.00D+00  0.00D+00  0.00D+00  0.00D+00
  1.00D+00  1.20D+00  1.50D+00  1.70D+00  2.00D+00  2.50D+00   ZEFF
  3.00D+00  3.50D+00  4.00D+00  4.50D+00  5.00D+00  6.00D+00
  4.51D-07  4.30D-07  4.01D-07  3.83D-07  3.66D-07  3.34D-07   QZEFF
  3.13D-07  2.92D-07  2.79D-07  2.66D-07  2.57D-07  2.42D-07
  3.00D+00  0.00D+00  0.00D+00  0.00D+00  0.00D+00  0.00D+00   BMAG
  0.00D+00  0.00D+00  0.00D+00  0.00D+00  0.00D+00  0.00D+00
  3.66D-07  0.00D+00  0.00D+00  0.00D+00  0.00D+00  0.00D+00   QBMAG
  0.00D+00  0.00D+00  0.00D+00  0.00D+00  0.00D+00  0.00D+00
ADAS309 31/08/06 D=H(n=2)   R= B+5  N= 7-5  F=_kvi#b5 M=CX     ISEL=12
  2.82D-07                                                     QEFREF
  1.00D+04  5.00D+03  2.50D+13  2.00D+00  3.00D+00             PARMREF
        17        12        17        12         1             NPARMSC
  5.00D+02  7.00D+02  1.00D+03  1.50D+03  2.00D+03  5.00D+03   ENER
  7.00D+03  1.00D+04  1.50D+04  2.00D+04  3.00D+04  4.00D+04
  5.00D+04  6.00D+04  7.00D+04  8.00D+04  1.00D+05  0.00D+00
  0.00D+00  0.00D+00  0.00D+00  0.00D+00  0.00D+00  0.00D+00
  1.21D-07  1.43D-07  1.70D-07  2.11D-07  2.47D-07  3.56D-07   QENER
  3.42D-07  2.82D-07  2.09D-07  9.44D-08  4.71D-08  1.86D-08
  8.93D-09  6.37D-09  3.38D-09  1.55D-09  5.82D-10  0.00D+00
  0.00D+00  0.00D+00  0.00D+00  0.00D+00  0.00D+00  0.00D+00
  1.00D+03  2.00D+03  3.00D+03  5.00D+03  7.00D+03  1.00D+04   TIEV
  1.30D+04  1.60D+04  1.90D+04  2.20D+04  2.50D+04  3.00D+04
  2.52D-07  2.64D-07  2.72D-07  2.82D-07  2.90D-07  2.98D-07   QTIEV
  3.04D-07  3.09D-07  3.13D-07  3.17D-07  3.20D-07  3.24D-07
  1.00D+11  2.00D+11  3.00D+11  5.00D+11  7.00D+11  1.00D+12   DENSI
  2.00D+12  3.00D+12  5.00D+12  7.00D+12  1.00D+13  2.00D+13
  2.50D+13  3.00D+13  5.00D+13  7.00D+13  1.00D+14  0.00D+00
  0.00D+00  0.00D+00  0.00D+00  0.00D+00  0.00D+00  0.00D+00
  4.43D-07  4.40D-07  4.37D-07  4.33D-07  4.29D-07  4.24D-07   QDENSI
  4.09D-07  3.96D-07  3.75D-07  3.58D-07  3.38D-07  2.96D-07
  2.82D-07  2.72D-07  2.44D-07  2.29D-07  2.15D-07  0.00D+00
  0.00D+00  0.00D+00  0.00D+00  0.00D+00  0.00D+00  0.00D+00
  1.00D+00  1.20D+00  1.50D+00  1.70D+00  2.00D+00  2.50D+00   ZEFF
  3.00D+00  3.50D+00  4.00D+00  4.50D+00  5.00D+00  6.00D+00
  3.59D-07  3.39D-07  3.12D-07  2.97D-07  2.82D-07  2.57D-07   QZEFF
  2.41D-07  2.28D-07  2.19D-07  2.11D-07  2.06D-07  1.98D-07
  3.00D+00  0.00D+00  0.00D+00  0.00D+00  0.00D+00  0.00D+00   BMAG
  0.00D+00  0.00D+00  0.00D+00  0.00D+00  0.00D+00  0.00D+00
  2.82D-07  0.00D+00  0.00D+00  0.00D+00  0.00D+00  0.00D+00   QBMAG
  0.00D+00  0.00D+00  0.00D+00  0.00D+00  0.00D+00  0.00D+00
ADAS309 31/08/06 D=H(n=2)   R= B+5  N= 8-6  F=_kvi#b5 M=CX     ISEL=13
  1.68D-07                                                     QEFREF
  1.00D+04  5.00D+03  2.50D+13  2.00D+00  3.00D+00             PARMREF
        17        12        17        12         1             NPARMSC
  5.00D+02  7.00D+02  1.00D+03  1.50D+03  2.00D+03  5.00D+03   ENER
  7.00D+03  1.00D+04  1.50D+04  2.00D+04  3.00D+04  4.00D+04
  5.00D+04  6.00D+04  7.00D+04  8.00D+04  1.00D+05  0.00D+00
  0.00D+00  0.00D+00  0.00D+00  0.00D+00  0.00D+00  0.00D+00
  1.33D-08  1.56D-08  1.82D-08  2.94D-08  4.26D-08  1.07D-07   QENER
  1.29D-07  1.68D-07  1.38D-07  6.16D-08  3.14D-08  1.22D-08
  5.52D-09  3.93D-09  2.07D-09  9.35D-10  3.39D-10  0.00D+00
  0.00D+00  0.00D+00  0.00D+00  0.00D+00  0.00D+00  0.00D+00
  1.00D+03  2.00D+03  3.00D+03  5.00D+03  7.00D+03  1.00D+04   TIEV
  1.30D+04  1.60D+04  1.90D+04  2.20D+04  2.50D+04  3.00D+04
  1.51D-07  1.58D-07  1.62D-07  1.68D-07  1.72D-07  1.77D-07   QTIEV
  1.81D-07  1.84D-07  1.87D-07  1.89D-07  1.91D-07  1.94D-07
  1.00D+11  2.00D+11  3.00D+11  5.00D+11  7.00D+11  1.00D+12   DENSI
  2.00D+12  3.00D+12  5.00D+12  7.00D+12  1.00D+13  2.00D+13
  2.50D+13  3.00D+13  5.00D+13  7.00D+13  1.00D+14  0.00D+00
  0.00D+00  0.00D+00  0.00D+00  0.00D+00  0.00D+00  0.00D+00
  3.17D-07  3.13D-07  3.09D-07  3.02D-07  2.97D-07  2.89D-07   QDENSI
  2.70D-07  2.56D-07  2.35D-07  2.20D-07  2.04D-07  1.76D-07
  1.68D-07  1.62D-07  1.48D-07  1.42D-07  1.36D-07  0.00D+00
  0.00D+00  0.00D+00  0.00D+00  0.00D+00  0.00D+00  0.00D+00
  1.00D+00  1.20D+00  1.50D+00  1.70D+00  2.00D+00  2.50D+00   ZEFF
  3.00D+00  3.50D+00  4.00D+00  4.50D+00  5.00D+00  6.00D+00
  2.21D-07  2.05D-07  1.86D-07  1.76D-07  1.68D-07  1.54D-07   QZEFF
  1.47D-07  1.41D-07  1.37D-07  1.34D-07  1.32D-07  1.29D-07
  3.00D+00  0.00D+00  0.00D+00  0.00D+00  0.00D+00  0.00D+00   BMAG
  0.00D+00  0.00D+00  0.00D+00  0.00D+00  0.00D+00  0.00D+00
  1.68D-07  0.00D+00  0.00D+00  0.00D+00  0.00D+00  0.00D+00   QBMAG
  0.00D+00  0.00D+00  0.00D+00  0.00D+00  0.00D+00  0.00D+00
ADAS309 31/08/06 D=H(n=2)   R= B+5  N= 9-7  F=_kvi#b5 M=CX     ISEL=14
  8.65D-08                                                     QEFREF
  1.00D+04  5.00D+03  2.50D+13  2.00D+00  3.00D+00             PARMREF
        17        12        17        12         1             NPARMSC
  5.00D+02  7.00D+02  1.00D+03  1.50D+03  2.00D+03  5.00D+03   ENER
  7.00D+03  1.00D+04  1.50D+04  2.00D+04  3.00D+04  4.00D+04
  5.00D+04  6.00D+04  7.00D+04  8.00D+04  1.00D+05  0.00D+00
  0.00D+00  0.00D+00  0.00D+00  0.00D+00  0.00D+00  0.00D+00
  2.30D-09  3.51D-09  5.63D-09  6.27D-09  6.52D-09  1.95D-08   QENER
  4.02D-08  8.65D-08  8.92D-08  3.85D-08  2.10D-08  7.94D-09
  3.62D-09  2.58D-09  1.35D-09  5.98D-10  2.16D-10  0.00D+00
  0.00D+00  0.00D+00  0.00D+00  0.00D+00  0.00D+00  0.00D+00
  1.00D+03  2.00D+03  3.00D+03  5.00D+03  7.00D+03  1.00D+04   TIEV
  1.30D+04  1.60D+04  1.90D+04  2.20D+04  2.50D+04  3.00D+04
  8.06D-08  8.27D-08  8.43D-08  8.65D-08  8.82D-08  9.02D-08   QTIEV
  9.18D-08  9.31D-08  9.43D-08  9.53D-08  9.63D-08  9.77D-08
  1.00D+11  2.00D+11  3.00D+11  5.00D+11  7.00D+11  1.00D+12   DENSI
  2.00D+12  3.00D+12  5.00D+12  7.00D+12  1.00D+13  2.00D+13
  2.50D+13  3.00D+13  5.00D+13  7.00D+13  1.00D+14  0.00D+00
  0.00D+00  0.00D+00  0.00D+00  0.00D+00  0.00D+00  0.00D+00
  1.93D-07  1.87D-07  1.83D-07  1.75D-07  1.69D-07  1.62D-07   QDENSI
  1.44D-07  1.33D-07  1.19D-07  1.11D-07  1.02D-07  8.96D-08
  8.65D-08  8.43D-08  7.95D-08  7.73D-08  7.56D-08  0.00D+00
  0.00D+00  0.00D+00  0.00D+00  0.00D+00  0.00D+00  0.00D+00
  1.00D+00  1.20D+00  1.50D+00  1.70D+00  2.00D+00  2.50D+00   ZEFF
  3.00D+00  3.50D+00  4.00D+00  4.50D+00  5.00D+00  6.00D+00
  1.11D-07  1.03D-07  9.40D-08  8.99D-08  8.65D-08  8.16D-08   QZEFF
  7.91D-08  7.71D-08  7.60D-08  7.50D-08  7.45D-08  7.36D-08
  3.00D+00  0.00D+00  0.00D+00  0.00D+00  0.00D+00  0.00D+00   BMAG
  0.00D+00  0.00D+00  0.00D+00  0.00D+00  0.00D+00  0.00D+00
  8.65D-08  0.00D+00  0.00D+00  0.00D+00  0.00D+00  0.00D+00   QBMAG
  0.00D+00  0.00D+00  0.00D+00  0.00D+00  0.00D+00  0.00D+00
C-----------------------------------------------------------------------
C  EFFECTIVE COEFFICIENT LIST:
C
C     ISEL    TYPE      ION       INFORMATION
C     ----    ----      ---       -----------
C
C       1.   CX.EMIS.  B + 4      N = 3 -  2    262.3    20/6/97
C       2.   CX.EMIS.  B + 4      N = 4 -  3    749.7    20/6/97
C       3.   CX.EMIS.  B + 4      N = 5 -  4   1619.9    20/6/97
C       4.   CX.EMIS.  B + 4      N = 6 -  5   2981.4    20/6/97
C       5.   CX.EMIS.  B + 4      N = 7 -  6   4944.7    20/6/97
C       6.   CX.EMIS.  B + 4      N = 8 -  7   7618.6    20/6/97
C       7.   CX.EMIS.  B + 4      N = 9 -  8  11112.5    20/6/97
C       8.   CX.EMIS.  B + 4      N = 3 -  1     50.0    20/6/97
C       9.   CX.EMIS.  B + 4      N = 4 -  2    194.3    20/6/97
C      10.   CX.EMIS.  B + 4      N = 5 -  3    512.5    20/6/97
C      11.   CX.EMIS.  B + 4      N = 6 -  4   1049.7    20/6/97
C      12.   CX.EMIS.  B + 4      N = 7 -  5   1860.4    20/6/97
C      13.   CX.EMIS.  B + 4      N = 8 -  6   2998.6    20/6/97
C      14.   CX.EMIS.  B + 4      N = 9 -  7   4519.9    20/6/97
C-----------------------------------------------------------------------
C
C  Donor: h0(n=2)
C
C  Production code:  ADAS309
C
C  Source data set: /packages/adas/adf01/qcx#h0/qcx#h0_en2_kvi#b5.dat
C
C  Producer:  H. P. Summers
C
C  Date:  20 June 1997
C
C  Update:
C
C-----------------------------------------------------------------------
C
C  Replace QZEFF data. The previous version only changed
C  on integral Z which leads to problems in interpolation
C  as the file contains fractional Zeff.
C
C  AUTHOR : Martin O'Mullane
C  DATE   : 10/10/05
C
C---------------------------------------------------------------------------------
C  
C  Identify the donor as D=H(n=2) in each block.
C
C  AUTHOR : Martin O'Mullane
C  DATE   : 31/08/06
C
C---------------------------------------------------------------------------------
C ADAS ADF12 DATA - SCCS info: @(#)$Header: /home/adascvs/adas/adf12/qef97#h/qef97#h_en2_kvi#b5.dat,v 2.3 2006/08/31 15:52:14 mog Exp $ Date $Date: 2006/08/31 15:52:14 $
C---------------------------------------------------------------------------------

C-----------------------------------------------------------------------
C                               OPEN-ADAS
C                               +++++++++
C
C This file has been downloaded from OPEN-ADAS (http://open.adas.ac.uk)
C on 26-Apr-2021.
C
C TERMS AND CONDITIONS
C --------------------
C
C The user of the OPEN-ADAS system and data (hereinafter "the User")
C accepts the following terms and conditions:
C
C   1. The University of Strathclyde uses all reasonable endeavours to
C      ensure the accuracy of the data provided and any information
C      given, but the University makes no warranty, expressed or implied
C      as to its accuracy, integrity, fitness for purpose and shall not
C      be responsible for the use to which the data is put by the User
C      and/or any consequences arising out of any inaccuracies or
C      omissions.
C
C   2. Any downloaded OPEN-ADAS file is made available for the
C      personal use of the User only.  It must not be used for any
C      commercial application, incorporated into any web site or in
C      any form re-distributed without express prior written permission
C      from the ADAS Project. In particular, but not by way of
C      limitation, it must not be:
C        *  inserted into a managed database structure,
C        *  redistributed along with a modelling or analysis code,
C        *  made available on a public website.
C
C Permission for OPEN-ADAS data incorporation in non-commercial
C code/system development for scientific advance will not be
C unreasonably withheld, but will be subject to written agreement
C on a case by case basis.
C
C The User will indemnify the University of Strathclyde and keep it
C fully and effectively indemnified against each and every claim made
C against the University as a result of the User's use of the data.
C
C-----------------------------------------------------------------------
